Uniform Initialization:
  mean: 0.10000000149011612
  std: 0.0
  min: 0.10000000149011612
  max: 0.10000000149011612
  nonzero: 200
  sparsity: 0.0

Cayley Initialization:
  mean: 0.10000000149011612
  std: 0.30075281858444214
  min: 0.0
  max: 1.0
  nonzero: 20
  sparsity: 0.9
